11.333207
11.337717
11.350833
11.371385
11.397444
11.426422
11.455204
11.480288
11.498035
11.504917
11.497837
11.474470
11.433546
11.375126
11.300798
11.213751
11.118696
11.021645
10.929550
10.849825
10.789721
10.755731
10.752975
10.784700
10.851888
10.953098
11.084501
11.240154
11.412498
11.592970
11.772776
11.943638
12.098532
12.232229
12.341696
12.426195
12.487162
12.527857
12.552765
12.566896
12.575068
12.581177
12.587683
12.595222
12.602520
12.606607
12.603220
12.587458
12.554548
12.500677
12.423687
12.323687
12.203333
12.067890
11.924908
11.783661
11.654234
11.546648
11.469746
11.430254
11.432016
11.475475
11.557562
11.671854
11.809183
11.958471
12.107813
12.245615
12.361708
12.448315
12.500729
12.517628
12.501089
12.456110
12.389950
12.311100
12.228224
12.149057
12.079512
12.022947
11.979830
11.947733
11.921721
11.895117
11.860373
11.810196
11.738651
11.642065
11.519716
11.374214
11.211433
11.040097
10.870981
10.715876
10.586340
10.492493
10.441905
10.438698
10.483012
10.570887
10.694550
10.843088
11.003475
11.161757
11.304412
11.419571
11.498108
11.534424
11.526850
11.477651
11.392659
11.280509
11.151613
11.017088
10.887498
10.771855
10.676750
10.605780
10.559381
10.534968
10.527409
10.529774
10.534231
10.533014
10.519363
10.488235
10.436880
10.365055
10.274998
10.171054
10.059122
9.945912
9.838139
9.741726
9.661141
9.598898
9.555304
9.528448
9.514444
9.507884
9.502428
9.491492
9.468936
9.429652
9.370062
9.288398
9.184815
9.061282
8.921318
8.769616
8.611561
8.452762
8.298611
8.153940
8.022781
7.908263
7.812609
7.737271
7.683084
7.650460
