11.333207
10.482184
7.728090
7.295717
6.023676
6.972373
9.722495
10.994788
10.619119
8.473390
7.523974
7.264534
7.532537
8.603189
10.527392
10.404725
7.846122
7.452258
7.172333
6.268250
7.861898
9.938823
10.080327
8.627155
6.079856
6.651932
7.539402
7.943882
10.307055
10.994788
9.894984
7.781666
8.486820
7.959653
8.406343
10.745734
12.003245
11.390197
8.630100
8.957503
8.069056
8.240142
10.179412
11.704299
11.738456
10.388961
9.242326
8.717602
8.863349
8.660636
10.654897
10.978110
9.547791
8.300271
8.439610
8.687657
8.413277
10.136645
10.603156
9.434916
7.064357
6.348402
8.547853
8.725774
10.296382
11.059466
10.363738
8.248723
8.301085
8.986981
9.245778
9.878121
11.205655
10.804536
8.328707
8.523605
9.469213
9.263885
9.759166
10.818126
10.634313
8.513539
8.243540
7.465153
7.673542
9.157786
9.881806
10.227426
9.310567
8.594869
8.013687
6.670543
8.291187
8.950614
9.485793
8.570013
6.218119
5.729688
6.995096
7.886623
8.070004
9.443316
9.241786
7.811984
7.818946
8.220100
8.775670
8.640090
9.715100
9.780901
8.723894
7.996175
7.706509
7.158594
7.495182
8.685245
8.857428
7.443354
7.554136
7.658610
7.751952
7.310490
8.622771
9.191893
7.892257
7.493756
7.390862
6.625318
6.879577
6.353029
7.871098
7.395278
6.836833
7.486209
7.603160
6.839073
7.208997
7.455305
7.012972
5.069248
6.468790
6.276577
6.833932
6.213173
7.107125
7.366929
6.161785
6.515068
6.046623
5.656410
5.160352
6.248234
6.107317
5.507248
4.802591
4.932826
5.281029
4.528568
5.302088
4.624529
