11.333207
11.339617
11.357944
11.385657
11.418961
11.453331
11.484159
11.507292
11.519461
11.518469
11.503229
11.473610
11.430176
11.373976
11.306431
11.229376
11.145233
11.057276
10.969909
10.888845
10.820937
10.773822
10.755146
10.771622
10.827909
10.925607
11.062576
11.232656
11.426081
11.630371
11.831825
12.017256
12.175776
12.300270
12.388376
12.442631
12.469904
12.480062
12.484108
12.492123
12.511404
12.545029
12.591280
12.643856
12.692987
12.727255
12.735655
12.709730
12.645201
12.542973
12.409142
12.254211
12.091463
11.934977
11.797497
11.688705
11.613966
11.574127
11.565924
11.583237
11.618717
11.665462
11.718472
11.775360
11.836470
11.904106
11.981262
12.070021
12.170074
12.277723
12.385605
12.483316
12.558899
12.600838
12.600376
12.553461
12.462088
12.334551
12.184620
12.029533
11.887211
11.773159
11.697559
11.663248
11.664747
11.688910
11.716972
11.727715
11.701256
11.622908
11.486256
11.294996
11.063123
10.813330
10.573879
10.374380
10.241188
10.193132
10.238346
10.372696
10.580126
10.834831
11.104963
11.357201
11.561572
11.695576
11.747131
11.715803
11.612211
11.455764
11.271192
11.084401
10.918436
10.790227
10.708452
10.673006
10.675901
10.703373
10.738829
10.765988
10.771631
10.747659
10.691931
10.608051
10.504139
10.390807
10.278996
10.177895
10.093432
10.027539
9.978271
9.940681
9.908200
9.874225
9.833542
9.783320
9.723512
9.656585
9.586696
9.518536
9.456070
9.401482
9.354519
9.312371
9.270107
9.221541
9.160379
9.081379
8.981319
8.859635
8.718557
8.562810
8.398957
8.234541
8.077165
7.933748
7.809991
7.710180
7.637213
7.592841
