11.333207
11.313600
11.261323
11.193993
11.134767
11.105049
11.117650
11.172399
11.255691
11.343974
11.410266
11.431676
11.395717
11.303607
11.169600
11.016736
10.870271
10.750979
10.670318
10.628907
10.618523
10.626999
10.644015
10.665990
10.698030
10.752473
10.844230
10.984450
11.174848
11.404426
11.650304
11.882455
12.071315
12.195943
12.250308
12.245460
12.206883
12.167451
12.157901
12.197713
12.289145
12.416156
12.548942
12.652568
12.697309
12.667603
12.566686
12.415656
12.247005
12.094731
11.983918
11.923245
11.902652
11.897208
11.875865
11.812612
11.696240
11.535914
11.360089
11.209276
11.124424
11.134470
11.246938
11.444427
11.688542
11.929986
12.122174
12.234069
12.258510
12.213346
12.134994
12.066289
12.042460
12.079368
12.168017
12.276893
12.361705
12.379582
12.303367
12.131494
11.890218
11.627324
11.398852
11.252927
11.215114
11.280154
11.412440
11.555278
11.646373
11.635224
11.497222
11.240624
10.904469
10.548157
10.235951
10.020889
9.932658
9.972586
10.116652
10.325000
10.554493
10.770261
10.952718
11.098311
11.214518
11.311337
11.393016
11.453105
11.475028
11.438023
11.326460
11.138990
10.893996
10.628839
10.392233
10.231746
10.179935
10.243441
10.398865
10.597118
10.775489
10.874361
10.853669
10.704407
10.451653
10.147904
9.858704
9.644497
9.543979
9.563726
9.677054
9.832332
9.968188
10.031118
9.990324
9.845606
9.626194
9.381214
9.164837
9.020627
8.969687
9.005816
9.098726
9.203885
9.275705
9.279999
9.202133
9.048819
8.843660
8.618380
8.402862
8.217218
8.068175
7.950364
7.851521
7.759317
7.667156
7.576985
7.498246
7.443743
