11.333207
10.393586
8.255462
6.442978
6.186656
7.560341
9.516366
10.708112
10.427842
9.006251
7.489877
6.902108
7.586274
9.009366
10.123321
10.071942
8.805469
7.163758
6.303730
6.837448
8.335912
9.629018
9.705287
8.502680
6.952722
6.253433
6.967370
8.641683
10.186854
10.665830
9.906102
8.557960
7.629333
7.827797
9.107711
10.688434
11.550620
11.122035
9.697007
8.263495
7.821187
8.675663
10.236794
11.463824
11.601676
10.660327
9.333123
8.480701
8.569055
9.407863
10.308978
10.552400
9.887469
8.746234
7.970311
8.175150
9.210439
10.199147
10.212993
9.070127
7.558571
6.841037
7.515984
9.131299
10.555890
10.871493
10.035527
8.820056
8.162629
8.490495
9.498952
10.452733
10.722213
10.182950
9.257606
8.608695
8.687035
9.425570
10.285483
10.626960
10.144179
9.062041
7.980075
7.499321
7.875593
8.875190
9.885325
10.242414
9.649783
8.440156
7.425187
7.321198
8.140657
9.100558
9.233430
8.234240
6.775933
5.961353
6.386648
7.670299
8.848595
9.212163
8.797294
8.174691
7.879653
8.062630
8.560290
9.123889
9.515822
9.507347
8.978676
8.109819
7.388031
7.272295
7.770785
8.384265
8.538683
8.105691
7.494390
7.239944
7.524200
8.082274
8.502433
8.551733
8.243611
7.714894
7.137284
6.715141
6.632677
6.901586
7.284506
7.466360
7.352375
7.159488
7.159806
7.346284
7.415050
7.106854
6.523245
6.050929
5.980853
6.253490
6.588810
6.796700
6.886329
6.898615
6.755828
6.371256
5.868459
5.561890
5.640442
5.914169
5.970983
5.612946
5.078620
4.781101
4.858217
5.055285
5.060294
4.871250
