11.333207
11.330770
11.324447
11.316963
11.312022
11.313259
11.323131
11.341954
11.367387
11.394412
11.415978
11.424113
11.411334
11.372155
11.304355
11.209809
11.094646
10.968728
10.844539
10.735635
10.654803
10.612465
10.615280
10.665424
10.760424
10.893651
11.055401
11.234206
11.418397
11.597396
11.762820
11.909104
12.033671
12.136655
12.220325
12.288251
12.344489
12.392840
12.436229
12.476371
12.513679
12.547290
12.575353
12.595300
12.604194
12.599130
12.577504
12.537351
12.477582
12.398278
12.300828
12.188100
12.064408
11.935439
11.807902
11.689132
11.586383
11.506280
11.454053
11.432996
11.444097
11.485898
11.554751
11.645158
11.750487
11.863645
11.977803
12.086894
12.185943
12.271119
12.339595
12.389251
12.418441
12.425776
12.410245
12.371409
12.309896
12.227849
12.129352
12.020486
11.908952
11.803239
11.711307
11.639150
11.589242
11.559516
11.543035
11.528560
11.502105
11.449412
11.358836
11.224229
11.047225
10.838340
10.616537
10.407122
10.238208
10.136133
10.120741
10.201269
10.373737
10.620427
10.911683
11.209924
11.475296
11.671908
11.773730
11.768924
11.661843
11.472256
11.231894
10.978834
10.750818
10.578720
10.481287
10.462279
10.510422
10.602158
10.706708
10.792343
10.832599
10.811337
10.725461
10.584993
10.410490
10.228292
10.064831
9.941076
9.868325
9.846185
9.863153
9.899569
9.932281
9.939938
9.907775
9.830794
9.714720
9.574484
9.430636
9.304521
9.213251
9.165667
9.160136
9.184698
9.219520
9.241101
9.227319
9.162161
9.039164
8.862797
8.647500
8.414659
8.188191
7.989774
7.834726
7.729514
7.671289
7.649623
7.649832
7.657198
