11.333207
11.333729
11.335294
11.337899
11.341537
11.346204
11.351887
11.358574
11.366254
11.374910
11.384522
11.395073
11.406540
11.418896
11.432119
11.446180
11.461050
11.476698
11.493090
11.510191
11.527966
11.546373
11.565380
11.584940
11.605015
11.625559
11.646528
11.667875
11.689556
11.711521
11.733725
11.756113
11.778639
11.801247
11.823891
11.846518
11.869074
11.891504
11.913761
11.935787
11.957533
11.978941
11.999960
12.020540
12.040625
12.060165
12.079107
12.097403
12.114996
12.131845
12.147896
12.163101
12.177416
12.190794
12.203186
12.214558
12.224859
12.234055
12.242100
12.248964
12.254604
12.258991
12.262091
12.263868
12.264301
12.263357
12.261013
12.257246
12.252033
12.245356
12.237200
12.227549
12.216389
12.203709
12.189503
12.173765
12.156492
12.137680
12.117336
12.095455
12.072050
12.047127
12.020695
11.992767
11.963362
11.932489
11.900177
11.866444
11.831314
11.794813
11.756971
11.717821
11.677391
11.635721
11.592846
11.548803
11.503635
11.457388
11.410101
11.361824
11.312607
11.262495
11.211544
11.159805
11.107333
11.054184
11.000416
10.946085
10.891253
10.835979
10.780325
10.724354
10.668127
10.611712
10.555168
10.498566
10.441969
10.385441
10.329051
10.272863
10.216945
10.161362
10.106180
10.051467
9.997287
9.943705
9.890784
9.838593
9.787191
9.736643
9.687010
9.638352
9.590729
9.544201
9.498823
9.454654
9.411746
9.370153
9.329928
9.291120
9.253778
9.217946
9.183673
9.150999
9.119966
9.090612
9.062976
9.037090
9.012990
8.990702
8.970258
8.951682
8.934998
8.920226
8.907387
8.896494
8.887564
8.880606
8.875629
8.872641
