11.333207
9.775437
7.670238
6.702498
5.803402
6.575848
9.295432
10.783347
10.061996
8.311223
7.007574
6.984276
7.178239
8.162683
10.286439
9.927627
7.560677
7.077301
6.771126
5.972975
7.454592
9.565417
9.813190
8.101278
5.915681
6.125475
7.248890
7.655764
9.719159
10.986136
9.123963
7.803816
7.853428
7.704852
8.123483
10.149508
11.977231
10.669005
8.589078
8.362155
7.844212
7.829771
9.810344
11.381825
11.326583
10.092425
8.791951
8.487652
8.325215
8.511708
10.080459
10.788756
9.101584
7.912696
8.217429
8.108399
8.296460
9.570678
10.354316
9.087468
6.564658
6.225197
7.896587
8.660514
9.673785
10.907062
9.850694
7.994167
7.868815
8.669522
8.873130
9.489858
10.918511
10.328906
8.104278
8.040057
9.177789
8.920785
9.281203
10.659825
10.027413
8.386006
7.718867
7.162484
7.366180
8.662099
9.681775
9.746512
8.974359
8.333463
7.438342
6.598396
7.630584
8.836764
8.980180
8.232134
5.945663
5.206742
6.820813
7.364384
7.810376
9.058785
8.830405
7.560063
7.315095
8.013177
8.270942
8.399091
9.268615
9.468107
8.351772
7.619116
7.374137
6.779892
7.118480
8.393683
8.367880
7.261195
6.992394
7.484212
7.256443
7.010521
8.274760
8.772470
7.589423
7.128942
6.940299
6.461618
6.236353
6.309546
7.223771
7.233465
6.394185
7.102298
7.319891
6.423033
6.804569
7.290409
6.294700
5.189755
5.580207
6.397268
6.121970
6.023034
6.763233
6.837615
6.059491
5.874047
5.935317
5.103930
4.934483
5.792486
5.820914
5.087021
4.473616
4.597857
4.803506
4.398686
4.597955
4.690415
