11.333207
11.240952
11.004542
10.727301
10.530120
10.498704
10.646798
10.911347
11.181224
11.346051
11.343060
11.181277
10.933076
10.698133
10.557090
10.536523
10.600694
10.673060
10.676452
10.572512
10.381674
10.174816
10.040730
10.045307
10.201641
10.464965
10.754408
10.990685
11.131866
11.189837
11.220376
11.291636
11.446887
11.679660
11.933917
12.129529
12.201398
12.133466
11.970862
11.803454
11.727326
11.801000
12.016723
12.300088
12.539271
12.631711
12.527848
12.253043
11.897792
11.580491
11.398644
11.389426
11.516053
11.685397
11.788491
11.746638
11.543546
11.231139
10.907432
10.677313
10.612702
10.728195
10.980458
11.289264
11.569839
11.762326
11.847638
11.845437
11.798358
11.751296
11.734910
11.758969
11.815536
11.887349
11.956025
12.005904
12.023690
11.996701
11.913505
11.768605
11.569482
11.341607
11.126674
10.972291
10.915166
10.964690
11.094285
11.245755
11.346656
11.334966
11.181375
10.900424
10.545818
10.191719
9.907852
9.738251
9.691720
9.746559
9.865851
10.015398
10.175970
10.344960
10.528190
10.727256
10.929937
11.108878
11.229703
11.264377
11.203221
11.059587
10.864946
10.656946
10.466422
10.309679
10.189035
10.100494
10.043123
10.023842
10.054074
10.139226
10.266680
10.400009
10.484796
10.466202
10.312206
10.032266
9.681955
9.349045
9.124464
9.068624
9.186568
9.422782
9.678923
9.848492
9.855368
9.681219
9.371247
9.016252
8.718402
8.554357
8.549791
8.674270
8.856871
9.014910
9.083595
9.035345
8.882808
8.666733
8.435840
8.227884
8.059222
7.925389
7.810102
7.696908
7.577759
7.455336
7.339610
7.241908
7.170074
7.127115
