11.333207
10.585324
8.717539
6.835727
6.299752
7.616937
9.790948
11.127217
10.739148
9.150645
7.621834
7.152662
7.938574
9.343308
10.326545
10.176805
9.001330
7.551762
6.694658
6.995399
8.373930
9.876666
10.176667
8.842230
7.007067
6.332915
7.338023
9.091449
10.389874
10.714139
10.125531
8.965663
7.948051
7.965117
9.266467
10.994214
11.876744
11.345815
9.884307
8.512322
8.105046
8.928377
10.463418
11.700366
11.854430
10.920833
9.587951
8.708910
8.786860
9.672120
10.611232
10.793725
10.049459
8.968379
8.322168
8.491608
9.349214
10.321870
10.544383
9.489781
7.767938
6.882682
7.734985
9.587790
10.898322
10.930957
10.127522
9.208680
8.602887
8.650871
9.534398
10.729455
11.179147
10.447881
9.304688
8.796573
9.118352
9.766349
10.363004
10.742602
10.539435
9.479743
8.109283
7.533450
8.190331
9.367259
10.131715
10.230023
9.815400
8.929070
7.833174
7.374763
8.162088
9.463845
9.737351
8.451947
6.770321
6.155870
6.846535
8.025438
8.940020
9.326509
9.139869
8.545743
8.072477
8.211317
8.844468
9.439845
9.715253
9.698032
9.296162
8.422533
7.541521
7.419177
8.114929
8.776267
8.709223
8.164301
7.769708
7.697911
7.804534
8.121881
8.652226
8.972095
8.634850
7.840890
7.215876
7.021769
7.043225
7.141760
7.392682
7.681718
7.699412
7.454659
7.345216
7.544427
7.689302
7.389127
6.765710
6.280564
6.217204
6.495787
6.851974
7.069019
7.115954
7.097276
7.012891
6.687652
6.118824
5.718589
5.859216
6.264019
6.277776
5.754026
5.227545
5.119838
5.237502
5.238458
5.148705
5.140336
