11.080742
10.564847
8.749485
7.266949
6.472575
7.635951
9.994074
10.773731
10.541071
9.299201
7.350337
6.325673
6.920947
9.225257
10.321136
10.243573
9.011439
6.934278
6.719100
7.090147
8.528813
9.774483
9.897830
8.990304
6.554481
6.743259
7.400298
8.560667
10.299235
10.734348
10.099551
8.576622
8.018381
7.769945
8.989981
11.011620
11.738751
11.360368
9.525319
8.654197
7.690614
8.647902
10.580874
11.555223
11.573524
10.736298
9.300084
7.777892
8.605826
8.913253
10.544427
10.751527
9.956934
8.196672
8.067241
8.621931
8.380475
10.041525
10.378637
9.641383
7.395432
7.296386
8.324792
8.928465
10.321160
10.835568
10.388526
9.125493
7.082028
8.570885
9.092426
10.118264
10.967051
10.715871
9.266194
8.599678
9.216578
9.390714
9.748165
10.575097
10.486217
9.291165
8.112006
7.196396
8.019410
8.989683
9.776674
10.026833
9.482060
8.639159
8.017515
6.093896
7.922927
8.824760
9.246898
8.684484
7.094740
5.619078
6.887708
7.587453
8.154168
9.222106
9.128201
8.249780
7.671444
8.138624
8.517689
8.540955
9.555294
9.625481
8.911476
7.988888
7.335341
7.005051
6.112724
8.455900
8.602883
7.257289
7.509809
7.590891
7.603007
7.366198
8.576701
8.921932
8.217682
7.271780
7.333798
6.418808
6.251770
6.293200
7.566854
7.324767
6.325576
7.337182
7.371240
6.162787
6.818803
7.255980
6.884447
5.950258
5.996634
6.431585
6.355144
5.927182
7.047704
7.092168
6.479292
6.320887
5.952853
5.288347
5.645156
5.985748
5.982278
5.278536
3.109638
3.541449
3.995916
4.128801
4.105320
3.873559
