8.182947
0.731337
-0.524907
0.074503
-0.197829
0.137755
-0.089300
0.096759
0.098891
0.211467
-0.111238
0.007429
-0.038745
0.029040
-0.076153
0.062958
-0.042049
-0.031928
0.059345
0.003468
-0.044699
0.084942
0.001885
-0.053981
0.050415
-0.042986
0.028014
-0.052487
-0.011035
0.062129
0.003668
-0.016995
-0.023134
-0.013971
0.038460
0.035343
0.077086
0.007248
0.024558
-0.054825
0.005423
0.063949
-0.015655
0.085322
0.585317
0.348345
0.011471
0.017082
-0.007629
0.026074
0.002520
0.037980
-0.040275
-0.027555
-0.021779
0.038894
-0.067722
0.001900
-0.004511
0.007294
-0.038022
0.045966
-0.028530
0.009121
0.006383
0.003089
-0.030620
0.007917
0.008111
-0.003017
-0.010976
0.011433
0.046993
-0.025246
-0.021085
0.014460
0.005551
-0.016111
0.000610
-0.017361
-0.032976
-0.021336
0.012582
0.005859
0.013335
-0.072756
0.028390
-0.032819
0.053964
0.023973
-0.077108
0.038669
-0.021447
0.010517
0.015824
-0.049022
-0.019180
0.029380
0.012821
0.000625
0.051376
0.020542
-0.015889
-0.001168
-0.009199
0.018762
0.004558
0.006631
-0.003158
-0.024026
0.007287
0.034633
-0.034661
0.019800
0.010099
0.017560
-0.031054
0.010630
-0.009375
-0.008754
0.010256
0.002737
0.014542
-0.024703
0.016319
0.032736
-0.021757
-0.005630
0.014111
-0.002842
0.018265
-0.027846
-0.030616
-0.017336
-0.003022
-0.011119
-0.000125
-0.030611
-0.006827
0.037178
0.026343
-0.004041
0.008028
-0.024323
-0.009380
-0.004475
0.001352
0.017254
-0.005559
0.000879
-0.006510
-0.022541
0.000065
0.036049
-0.014100
-0.007349
-0.007097
0.014056
-0.006841
-0.011445
