8.252585
0.615391
-0.492406
0.034265
-0.182995
0.111472
-0.046352
0.064187
0.134374
0.163715
-0.103187
-0.038022
-0.021537
-0.015825
-0.040720
0.027584
-0.077575
-0.047193
0.059306
0.007836
-0.037998
0.062129
0.015453
-0.046726
0.057278
-0.020751
0.004940
-0.038111
0.018066
0.097303
-0.024913
0.005524
-0.037453
0.024011
0.041278
0.048277
0.074284
-0.000785
0.019403
-0.052278
0.000478
0.074643
0.006512
0.057303
0.540057
0.392270
0.006649
0.004862
0.006469
0.017508
0.020330
0.028408
-0.018962
-0.047271
0.011984
0.048415
-0.016539
-0.004047
0.013470
0.016571
-0.015586
0.054023
-0.016835
-0.021469
-0.014408
-0.004550
-0.025279
-0.016640
-0.004396
-0.030913
0.004047
0.012979
0.036950
-0.021268
-0.025255
0.027846
0.009143
-0.032643
-0.000599
-0.016795
-0.024467
-0.011007
0.012140
-0.021155
0.002185
-0.063968
0.008431
-0.001907
0.151108
0.147097
-0.044800
0.041996
-0.022278
0.031239
0.005749
-0.043700
-0.037705
0.051287
0.029155
-0.023919
0.013212
0.019128
-0.011865
-0.023057
-0.014732
0.009519
-0.000887
0.025584
0.029433
0.006939
0.023122
0.011728
0.012381
0.033116
0.025576
0.014916
-0.041376
0.001252
-0.006802
-0.021297
-0.001937
0.003325
-0.000878
0.007782
0.003776
0.013749
-0.015259
-0.010166
0.043609
0.007629
0.016176
-0.024761
-0.003784
-0.003552
-0.054976
0.011907
-0.009210
-0.024149
-0.011440
0.024102
0.032770
-0.020193
-0.011874
-0.061787
-0.008245
-0.026569
0.023806
-0.027001
0.015510
-0.006760
0.007514
-0.013507
-0.010734
-0.005189
-0.013277
0.009771
-0.007567
-0.005979
-0.005434
-0.028237
