11.333207
10.482188
7.728088
7.295719
6.023682
6.972370
9.722511
10.994784
10.619123
8.473396
7.523977
7.264538
7.532539
8.603175
10.527386
10.404731
7.846127
7.452257
7.172338
6.268248
7.861909
9.938830
10.080332
8.627152
6.079864
6.651942
7.539397
7.943878
10.307059
10.994795
9.894990
7.781674
8.486825
7.959660
8.406343
10.745720
12.003243
11.390200
8.630109
8.957506
8.069048
8.240148
10.179411
11.704290
11.738451
10.388964
9.242320
8.717610
8.863352
8.660625
10.654901
10.978098
9.547792
8.300280
8.439611
8.687657
8.413281
10.136649
10.603157
9.434921
7.064354
6.348411
8.547855
8.725779
10.296378
11.059471
10.363742
8.248734
8.301084
8.986995
9.245770
9.878112
11.205643
10.804546
8.328708
8.523607
9.469213
9.263882
9.759158
10.818124
10.634323
8.513547
8.243550
7.465154
7.673536
9.157784
9.881808
10.227421
9.310577
8.594864
8.013694
6.670542
8.291197
8.950613
9.485789
8.570014
6.218127
5.729697
6.995105
7.886628
8.070006
9.443322
9.241784
7.811982
7.818952
8.220103
8.775680
8.640091
9.715096
9.780917
8.723896
7.996168
7.706516
7.158597
7.495180
8.685253
8.857424
7.443358
7.554139
7.658618
7.751955
7.310483
8.622764
9.191906
7.892262
7.493759
7.390870
6.625324
6.879581
6.353034
7.871103
7.395281
6.836843
7.486215
7.603162
6.839075
7.209000
7.455309
7.012977
5.069263
6.468794
6.276585
6.833943
6.213182
7.107138
7.366939
6.161788
6.515075
6.046629
5.656427
5.160367
6.248242
6.107328
5.507267
4.802591
4.932831
5.281041
4.528544
5.302094
4.624535
