8.190299
0.667294
-0.536640
0.093740
-0.208493
0.148155
-0.105171
0.085594
0.093339
0.197856
-0.129118
-0.003065
-0.043462
0.012476
-0.066192
0.047827
-0.077461
-0.029820
0.057513
0.014835
-0.027269
0.087897
0.021696
-0.056994
0.038887
-0.046412
0.005309
-0.058249
0.006646
0.082371
-0.000041
0.000199
-0.038663
-0.012082
0.039627
0.036296
0.080412
-0.000103
0.032535
-0.053193
0.002899
0.049350
-0.005724
0.057125
0.566102
0.403992
0.028086
0.027380
0.007191
0.034751
0.015650
0.043351
-0.037023
-0.026617
-0.004431
0.059291
-0.039922
0.012543
-0.013022
0.012326
-0.046261
0.045518
-0.029970
0.002204
-0.005506
0.004577
-0.040327
-0.009020
0.000887
-0.019798
0.000083
0.008926
0.052686
-0.004454
-0.017657
0.016856
0.012418
-0.018734
0.003554
-0.012528
-0.023150
0.005323
0.030648
-0.011331
0.000051
-0.075328
0.012846
0.001412
0.129840
0.095677
-0.075199
0.012479
-0.041580
0.005747
0.003820
-0.047761
-0.026700
0.036410
0.029677
0.000215
0.056119
0.022562
-0.011854
-0.008195
0.004907
0.044511
0.025798
0.026673
-0.000179
-0.014422
-0.000577
0.019376
-0.010921
0.043001
0.027182
0.043227
-0.028176
-0.005333
-0.029441
-0.020816
0.002597
-0.001348
0.012916
-0.010134
0.008519
0.015839
-0.030024
-0.011389
0.033973
0.015088
0.032256
-0.023659
0.003041
-0.005974
-0.029129
0.007874
0.005211
-0.027321
-0.004368
0.037822
0.029729
-0.002792
-0.013622
-0.067813
-0.064654
-0.024912
-0.001886
0.003838
-0.007909
-0.006358
-0.032629
-0.031829
-0.004150
0.018394
-0.009669
0.020014
-0.009382
0.009034
-0.008610
-0.035600
