11.255072
10.567220
7.635018
7.391930
5.885832
7.339421
9.870638
10.934563
10.621404
8.768735
7.160701
6.010939
7.969858
8.892920
10.477685
10.370445
8.462100
7.215981
6.766902
7.353573
8.052754
9.893440
10.047880
8.770956
5.739308
6.790956
7.265408
8.185292
10.343102
10.915895
10.026357
8.183805
8.083466
8.173524
8.886390
10.919498
11.921788
11.424152
7.562166
8.940193
7.766514
8.261397
10.307705
11.681688
11.693630
10.565727
9.007445
8.087375
8.966697
8.226972
10.664336
10.905025
9.799070
7.688039
8.187469
8.840462
8.103981
10.126897
10.551108
9.531550
6.682575
7.048592
8.341610
8.863466
10.328678
11.002100
10.388882
8.656897
7.433239
8.639415
9.421106
9.982015
11.139720
10.802080
8.824112
8.804557
9.339701
9.408457
9.723810
10.751718
10.611772
8.745603
8.066751
7.543708
7.962878
9.086368
9.878408
10.170434
9.412251
8.525158
8.089898
6.581048
8.228158
8.923090
9.426530
8.641830
6.427869
5.904074
6.706508
7.922802
8.022596
9.392538
9.224360
7.999084
7.653602
8.227637
8.772254
8.575411
9.693157
9.741584
8.820956
7.974639
7.550281
7.311810
7.183553
8.640686
8.798997
7.261468
7.680408
7.601375
7.679067
7.397260
8.674210
9.096997
8.113326
7.355974
7.459601
6.459909
6.815392
6.415620
7.782051
7.443794
6.613903
7.479371
7.575232
6.592625
7.096431
7.468086
6.921074
5.513355
6.066094
6.500586
6.582787
6.122419
7.203416
7.218538
6.437428
6.434547
5.973148
5.050612
5.671151
6.056587
6.091985
5.230021
3.257428
3.649308
4.067813
4.141664
4.139621
3.902436
