11.333206
11.333206
11.333206
14.776962
18.387009
21.694016
24.904434
27.060654
27.650803
28.240921
27.735153
27.071579
26.505569
26.447098
26.388657
26.448074
26.861130
27.274155
27.646927
27.740463
27.834030
27.927597
28.211807
28.551743
28.891647
29.478165
31.212814
32.947464
34.682144
36.751328
39.541916
42.332504
45.123093
47.782150
49.820145
51.858139
53.896133
55.934128
56.539505
56.615005
56.690536
56.766068
56.841568
55.632950
54.371506
53.110062
51.848587
50.587143
49.487045
48.417160
47.347275
46.277359
45.207474
44.500015
44.464523
44.429062
44.393600
44.358109
44.322647
44.605515
45.266678
45.927841
46.588974
47.250137
47.911301
48.548965
49.033432
49.517899
50.002365
50.486832
50.971298
51.455765
51.687881
51.444687
51.201462
50.958267
50.715042
50.471848
50.228653
49.949692
49.154617
48.359543
47.564468
46.769394
45.974319
45.179245
44.384171
43.612320
42.909927
42.207535
41.505173
40.802780
40.100388
39.398026
38.695633
37.993240
37.717453
37.508041
37.298599
37.089157
36.879745
36.670303
36.460892
36.251450
36.042007
35.994461
35.971634
35.948837
35.926010
35.903183
35.880356
35.857529
35.834702
35.811874
35.697708
35.244125
34.790512
34.336899
33.883286
33.429672
32.976059
32.522446
32.068832
31.615219
31.161636
30.273727
29.309799
28.345871
27.381943
26.418015
25.454086
24.490158
23.526230
22.562271
21.598343
20.634415
19.783768
18.974380
18.164993
17.355606
16.546219
15.736832
14.927444
14.118057
13.308670
12.499283
11.689880
10.880508
10.720520
10.720520
10.720520
10.720520
10.720520
10.720520
10.720520
10.720520
10.720520
10.720520
10.720520
10.720520
