11.333207
10.482188
7.728089
7.295717
6.023689
6.972370
9.722511
10.994784
10.619124
8.473395
7.523973
7.264538
7.532539
8.603176
10.527386
10.404730
7.846124
7.452260
7.172337
6.268252
7.861911
9.938831
10.080332
8.627151
6.079856
6.651946
7.539399
7.943880
10.307060
10.994795
9.894988
7.781675
8.486826
7.959659
8.406343
10.745723
12.003244
11.390198
8.630115
8.957505
8.069047
8.240149
10.179413
11.704291
11.738450
10.388962
9.242320
8.717610
8.863353
8.660624
10.654902
10.978098
9.547790
8.300282
8.439613
8.687656
8.413279
10.136651
10.603156
9.434917
7.064348
6.348421
8.547853
8.725780
10.296381
11.059471
10.363739
8.248734
8.301081
8.986996
9.245771
9.878117
11.205644
10.804544
8.328696
8.523611
9.469213
9.263883
9.759159
10.818126
10.634320
8.513544
8.243550
7.465151
7.673545
9.157784
9.881811
10.227420
9.310575
8.594863
8.013692
6.670542
8.291199
8.950615
9.485790
8.570009
6.218119
5.729705
6.995103
7.886629
8.070010
9.443323
9.241781
7.811980
7.818950
8.220107
8.775679
8.640092
9.715098
9.780915
8.723892
7.996167
7.706515
7.158604
7.495173
8.685257
8.857421
7.443358
7.554140
7.658617
7.751954
7.310483
8.622768
9.191905
7.892253
7.493761
7.390868
6.625315
6.879583
6.353034
7.871105
7.395276
6.836843
7.486218
7.603159
6.839074
7.209001
7.455310
7.012970
5.069263
6.468795
6.276594
6.833942
6.213191
7.107140
7.366936
6.161794
6.515076
6.046619
5.656423
5.160368
6.248243
6.107329
5.507260
4.802592
4.932843
5.281032
4.528563
5.302100
4.624522
