9.247495
0.601045
-0.330554
-0.128663
-0.080881
-0.021290
-0.064856
-0.071971
0.088598
0.078959
-0.161870
-0.118285
-0.020691
-0.063330
-0.053523
-0.046670
-0.095748
-0.074865
0.020041
0.051092
0.020947
-0.014148
-0.042177
-0.032874
-0.020450
-0.030112
-0.021816
-0.033177
0.024539
0.006305
-0.042718
-0.019741
-0.045977
-0.010425
0.031158
0.079365
0.093387
-0.030282
-0.001332
-0.015786
-0.083885
0.074483
-0.024976
0.002737
0.271618
0.159411
-0.028823
-0.012183
0.034320
0.023174
0.007218
0.038102
0.050456
-0.062562
-0.019231
0.008459
-0.013412
0.036678
-0.009157
0.030566
-0.015245
0.003970
0.046405
-0.036996
-0.028307
0.015299
0.010358
0.024605
0.014448
-0.029714
-0.032347
-0.043723
0.023649
0.032754
0.005027
0.036926
-0.018064
-0.031747
0.028532
0.005415
0.005533
0.014002
-0.009195
0.035794
-0.019453
-0.005579
0.006988
-0.065614
0.119197
0.155479
0.027062
0.008514
-0.013337
-0.009428
0.033620
-0.009420
-0.005637
0.032272
0.022126
0.050597
-0.032389
0.023387
0.016165
-0.028745
0.015883
0.005667
0.013078
0.008562
0.006977
-0.006277
0.016354
-0.008576
0.030806
-0.000647
-0.000847
0.044805
-0.033864
0.011019
0.046689
-0.002676
0.019617
0.030991
0.004393
0.051921
-0.030706
0.012450
0.061684
-0.022600
0.030358
0.010758
0.019477
0.029697
0.054550
0.070293
0.005144
0.024274
0.030494
0.007237
0.032110
0.041852
-0.003369
-0.000457
0.005639
0.083039
0.083937
0.001413
0.008560
0.009648
0.038365
-0.004320
0.034018
0.036204
0.022063
0.013767
0.029091
0.041845
-0.013191
0.010657
0.016333
0.032534
