11.956123
6.622053
8.455215
7.617438
8.182552
8.732098
9.569739
11.508903
10.592538
9.635509
9.637314
9.604573
9.508343
10.022632
10.976394
10.736373
10.021093
9.814286
9.660607
9.566271
9.858400
10.368454
10.399399
8.582628
8.652148
9.007523
9.501949
9.795522
10.367616
11.641654
10.021157
9.578874
10.088201
10.102016
10.411017
11.142962
12.645114
11.043411
10.786978
10.362355
9.799937
7.967748
9.963420
11.940767
12.147682
10.796256
10.879490
10.716799
10.311913
10.385426
10.666070
11.579082
10.386523
10.303852
9.987667
8.988935
10.021604
10.262531
11.062963
8.023564
8.603257
9.093488
9.752726
9.506143
10.270732
11.584032
10.463859
9.996315
10.340854
10.466646
9.775575
10.732111
11.803787
11.049368
10.190616
9.761820
10.379836
9.136115
10.790091
11.372027
10.910442
10.349215
10.052554
9.553280
9.032559
9.822070
9.929663
10.733479
8.759417
9.256126
7.951249
8.176892
9.001693
9.334300
10.032770
8.178752
6.741488
7.766106
8.506518
8.561872
9.186475
9.930409
9.446322
8.272726
8.841556
8.357509
8.949229
9.354914
9.960238
10.148473
8.765853
8.827579
8.879282
8.035061
8.903061
9.097995
9.368928
8.911808
7.980708
8.493703
8.483535
5.770392
8.290810
9.906233
8.645054
8.601224
7.539078
7.672611
7.497090
7.307067
8.561458
7.575088
8.083983
7.921823
8.117526
8.095387
8.031133
7.429345
7.731146
7.745279
8.043562
7.704137
8.120473
7.641901
6.856725
8.319595
7.698648
7.775753
7.676058
7.632438
7.349658
7.648751
7.519350
7.499305
7.469521
7.489052
7.530524
7.464616
7.523346
7.460495
