8.335890
0.699853
-0.534281
0.100042
-0.249268
0.138598
-0.099069
0.103687
0.131424
0.233406
-0.070593
0.021047
-0.027125
0.030295
-0.066220
0.049967
-0.076567
0.013419
0.041830
0.018448
-0.021205
0.052287
0.017312
-0.049610
0.058956
-0.008956
0.013418
-0.020981
-0.001733
0.069217
-0.061896
-0.012886
-0.047599
0.029527
0.026078
0.029390
0.081709
-0.039657
0.011827
-0.057289
0.037270
0.044802
-0.000204
0.008691
0.469968
0.369565
-0.037905
0.015210
-0.003885
0.021160
0.026914
0.046289
-0.006677
-0.067231
-0.051895
0.029218
-0.033000
0.012962
0.001682
0.070799
-0.025818
0.051212
-0.046466
0.011310
-0.017674
0.020211
-0.001568
-0.014882
-0.013304
-0.037592
0.005505
-0.018504
-0.002873
-0.031933
-0.021416
0.046384
-0.011699
-0.027512
-0.013802
0.016686
-0.037485
-0.019540
0.034390
-0.015271
-0.002123
-0.053985
0.020028
0.017975
0.146005
0.186710
-0.040075
0.052796
-0.016701
0.054416
0.017526
-0.039864
-0.030776
0.013515
0.008105
-0.089461
-0.001947
-0.006311
-0.000686
-0.031264
-0.009766
0.023949
-0.013097
0.022238
-0.012256
0.001159
-0.015329
-0.017357
0.007256
0.012854
-0.006928
0.004640
-0.030584
0.041857
0.008461
-0.007757
-0.013869
0.004458
-0.016200
0.019723
-0.012725
0.013410
0.004827
-0.005098
0.047141
0.003561
0.012818
-0.009740
0.054833
0.045120
-0.038679
0.044756
-0.023266
-0.017521
-0.037607
0.031628
-0.015336
-0.013387
-0.008157
0.008758
-0.018839
-0.013137
0.006810
-0.018044
-0.024641
-0.012961
-0.024886
0.029585
-0.031225
0.006158
-0.005921
0.045869
0.009780
0.001172
0.005377
-0.009898
