11.497037
10.405789
8.852021
7.867989
7.436386
7.926006
9.296108
11.156136
10.658846
7.361560
7.978849
7.384674
7.568549
7.743292
10.681356
10.507579
7.914143
7.375917
7.252742
6.581095
7.860854
10.001464
10.259164
7.515381
7.028114
7.804398
7.593926
9.035567
10.292837
11.170371
9.637701
8.693063
8.580293
9.074804
9.319037
10.484273
12.174689
11.425326
10.137130
9.578102
8.780000
8.422709
9.431868
11.825571
11.841071
9.995644
9.176048
8.791376
8.967596
9.107836
10.767175
11.111836
9.071573
7.857189
8.480965
8.986775
8.820949
10.150700
10.788515
8.999354
7.671784
6.679747
8.500566
9.175925
10.210258
11.232131
10.263931
7.743832
8.591883
9.118923
9.653562
9.590057
11.362902
10.866335
8.958538
8.327448
9.700221
9.261596
9.924275
10.987511
10.752192
8.947300
8.657768
7.639637
6.822723
9.368816
9.983479
10.362716
9.118227
8.570140
8.033956
6.842658
8.600238
9.058981
9.661700
8.376890
6.494935
6.716450
7.287665
8.154934
8.134622
9.605861
9.310677
7.602962
7.914755
8.231676
8.927929
8.760074
9.836555
9.879457
8.592083
7.925470
7.935737
7.209773
8.095156
8.855072
9.024975
7.828481
7.539302
7.655893
7.779296
7.622700
8.724249
9.343326
7.644397
7.673066
7.475729
6.788541
7.320386
6.998365
8.053544
7.444597
6.916366
7.521386
7.817626
6.988501
7.346444
7.745540
6.893062
3.680766
6.442065
6.518573
6.824046
6.394248
7.339327
7.359655
6.279622
6.573171
5.957610
4.648440
5.800871
6.088354
6.229836
5.093680
4.207739
3.625524
4.045084
4.274317
4.018900
4.161133
