11.333207
10.482188
7.728089
7.295719
6.023683
6.972371
9.722511
10.994784
10.619123
8.473396
7.523976
7.264537
7.532537
8.603175
10.527386
10.404731
7.846126
7.452258
7.172338
6.268255
7.861909
9.938830
10.080332
8.627151
6.079860
6.651938
7.539398
7.943879
10.307059
10.994795
9.894990
7.781674
8.486826
7.959661
8.406342
10.745720
12.003243
11.390199
8.630108
8.957507
8.069049
8.240148
10.179411
11.704290
11.738451
10.388965
9.242320
8.717610
8.863352
8.660624
10.654901
10.978098
9.547792
8.300282
8.439611
8.687657
8.413282
10.136649
10.603157
9.434922
7.064357
6.348410
8.547854
8.725779
10.296378
11.059470
10.363743
8.248734
8.301084
8.986995
9.245770
9.878112
11.205643
10.804546
8.328708
8.523607
9.469213
9.263883
9.759157
10.818124
10.634323
8.513546
8.243550
7.465153
7.673537
9.157784
9.881808
10.227421
9.310577
8.594864
8.013695
6.670541
8.291197
8.950613
9.485789
8.570015
6.218126
5.729696
6.995106
7.886628
8.070006
9.443322
9.241784
7.811982
7.818951
8.220103
8.775680
8.640091
9.715097
9.780917
8.723897
7.996168
7.706517
7.158598
7.495179
8.685253
8.857424
7.443359
7.554140
7.658617
7.751955
7.310484
8.622764
9.191906
7.892263
7.493760
7.390870
6.625324
6.879581
6.353035
7.871103
7.395282
6.836841
7.486215
7.603163
6.839076
7.209000
7.455309
7.012976
5.069254
6.468796
6.276585
6.833943
6.213181
7.107137
7.366939
6.161788
6.515076
6.046628
5.656421
5.160358
6.248242
6.107328
5.507264
4.802595
4.932825
5.281035
4.528568
5.302094
4.624531
