11.333207
11.335696
11.342816
11.353587
11.366437
11.379367
11.390098
11.396264
11.395627
11.386260
11.366750
11.336358
11.295117
11.243882
11.184365
11.119065
11.051167
10.984368
10.922697
10.870296
10.831152
10.808889
10.806539
10.826354
10.869653
10.936730
11.026816
11.138091
11.267783
11.412267
11.567264
11.728026
11.889594
12.046998
12.195508
12.330829
12.449279
12.547944
12.624751
12.678512
12.708945
12.716598
12.702794
12.669496
12.619161
12.554635
12.478965
12.395268
12.306617
12.215938
12.125899
12.038915
11.957055
11.882089
11.815469
11.758382
11.711720
11.676198
11.652303
11.640340
11.640435
11.652516
11.676312
11.711284
11.756627
11.811225
11.873616
11.941978
12.014131
12.087581
12.159553
12.227044
12.286988
12.336299
12.372079
12.391704
12.393006
12.374362
12.334859
12.274348
12.193503
12.093833
11.977624
11.847941
11.708413
11.563140
11.416516
11.273021
11.136994
11.012471
10.902972
10.811348
10.739652
10.689072
10.659857
10.651361
10.662090
10.689802
10.731621
10.784215
10.843995
10.907258
10.970395
11.030030
11.083204
11.127435
11.160821
11.182088
11.190549
11.186111
11.169193
11.140652
11.101642
11.053578
10.997961
10.936321
10.870129
10.800698
10.729199
10.656596
10.583656
10.510989
10.439045
10.368172
10.298660
10.230763
10.164742
10.100863
10.039419
9.980694
9.924944
9.872358
9.823012
9.776807
9.733434
9.692335
9.652690
9.613402
9.573134
9.530351
9.483385
9.430531
9.370161
9.300827
9.221388
9.131117
9.029811
8.917846
8.796235
8.666640
8.531343
8.393174
8.255423
8.121698
7.995776
7.881426
7.782219
7.701374
7.641579
7.604859
