11.333207
11.316188
11.270869
11.212683
11.161855
11.137003
11.149180
11.198117
11.271909
11.350074
11.409131
11.428931
11.397943
11.316049
11.194140
11.050948
10.907971
10.784236
10.692302
10.636566
10.614025
10.617306
10.638558
10.673203
10.722017
10.791118
10.889588
11.025466
11.201472
11.411626
11.640349
11.864469
12.058101
12.199147
12.275760
12.290538
12.261094
12.216147
12.187863
12.202458
12.271844
12.388846
12.528197
12.653138
12.726182
12.720870
12.630603
12.471660
12.278872
12.095120
11.957665
11.885942
11.874892
11.896621
11.909987
11.875506
11.770345
11.598573
11.392354
11.203575
11.087959
11.086884
11.212951
11.444203
11.729541
12.003579
12.206553
12.302468
12.289651
12.200051
12.087447
12.008529
12.003270
12.081014
12.217252
12.361842
12.456056
12.452596
12.331910
12.109395
11.831147
11.559892
11.355683
11.257878
11.273633
11.376685
11.516076
11.631597
11.670938
11.603454
11.426627
11.164388
10.858702
10.557722
10.304440
10.128777
10.044530
10.050774
10.136015
10.283056
10.472818
10.686431
10.905828
11.113618
11.293283
11.429923
11.511764
11.531657
11.488162
11.385796
11.234571
11.049070
10.847503
10.650801
10.481186
10.359961
10.303932
10.320833
10.404984
10.534896
10.674649
10.780085
10.809081
10.733675
10.550312
10.284307
9.986122
9.719257
9.542569
9.492183
9.568869
9.735601
9.926938
10.068065
10.097834
9.988441
9.755075
9.451966
9.155671
8.940788
8.856042
8.908628
9.062118
9.248591
9.390873
9.427265
9.330462
9.114342
8.826808
8.531594
8.285856
8.121589
8.037333
8.002608
7.972857
7.908843
7.792937
7.636259
7.474075
7.351624
