11.333207
11.260226
11.070617
10.840946
10.664870
10.615963
10.717891
10.933951
11.180785
11.361316
11.403962
11.291751
11.068681
10.819879
10.633668
10.562280
10.599048
10.683309
10.731416
10.679693
10.518753
10.302137
10.123825
10.074656
10.198363
10.469076
10.802158
11.093808
11.270591
11.323825
11.311471
11.325683
11.442096
11.676639
11.972816
12.227153
12.341331
12.274961
12.071700
11.843949
11.721824
11.790215
12.044978
12.390183
12.679227
12.781068
12.640203
12.302270
11.893157
11.561923
11.414575
11.469495
11.654058
11.842263
11.913888
11.807246
11.542138
11.205556
10.909735
10.744617
10.746024
10.891348
11.119903
11.364013
11.574725
11.731427
11.835670
11.897265
11.923642
11.918551
11.888621
11.850436
11.830306
11.853805
11.930047
12.039901
12.137176
12.164914
12.080697
11.878852
11.597997
11.309009
11.088033
10.986768
11.012977
11.129867
11.273023
11.376018
11.392711
11.307658
11.132602
10.894671
10.624327
10.349228
10.095014
9.888649
9.758685
9.729376
9.810642
9.989933
10.232166
10.489848
10.719544
10.896600
11.020365
11.106791
11.172772
11.221082
11.235093
11.186974
11.055361
10.842648
10.581714
10.327377
10.135855
10.042659
10.049950
10.129337
10.237830
10.337332
10.406821
10.441473
10.441224
10.398396
10.294771
10.112399
9.853163
9.554420
9.287877
9.136724
9.158409
9.350621
9.639600
9.901077
10.008432
9.887865
9.554781
9.112420
8.710930
8.484125
8.492474
8.698679
8.986950
9.216373
9.282671
9.159369
8.900318
8.604931
8.365723
8.225187
8.162663
8.115247
8.018995
7.846867
7.623187
7.408182
7.262841
7.214855
7.244728
7.299473
