11.333207
10.476748
8.492875
6.730749
6.367973
7.604620
9.547666
10.855941
10.680476
9.235381
7.607498
6.958045
7.696178
9.210877
10.338029
10.212338
8.886559
7.279362
6.501529
7.054278
8.477208
9.692857
9.792487
8.694986
7.207273
6.446548
7.040092
8.673631
10.307963
10.907939
10.166926
8.716863
7.679123
7.875348
9.252637
10.922547
11.781657
11.277080
9.784863
8.344754
7.943505
8.847427
10.441085
11.669919
11.766343
10.752046
9.379191
8.573303
8.784925
9.707231
10.543065
10.609725
9.835002
8.788817
8.238756
8.565175
9.469991
10.194976
10.089654
9.111293
7.885361
7.274029
7.759034
9.084224
10.419967
10.936635
10.380149
9.239112
8.386592
8.455225
9.393958
10.520768
11.027381
10.567239
9.502135
8.631956
8.606860
9.448548
10.526675
11.007411
10.452176
9.138808
7.877376
7.452878
8.088356
9.302430
10.252231
10.312768
9.485789
8.362265
7.681409
7.808508
8.498076
9.096942
9.029113
8.213248
7.122108
6.452075
6.642470
7.580607
8.689392
9.325236
9.204545
8.568965
7.988913
7.954604
8.541348
9.372020
9.888530
9.734728
8.987608
8.088924
7.538651
7.568527
8.015171
8.465577
8.559479
8.233535
7.744546
7.468475
7.625692
8.125509
8.631095
8.790197
8.467088
7.819755
7.181437
6.840351
6.872618
7.133242
7.391467
7.498521
7.465490
7.407670
7.415342
7.461751
7.422308
7.187202
6.774598
6.350337
6.131361
6.239139
6.608606
7.019445
7.229530
7.119768
6.754787
6.325458
6.020180
5.914110
5.944191
5.973487
5.890269
5.673671
5.391416
5.144821
5.005953
4.985571
5.041279
5.109608
